
这是时间:
619.805097579956  291.7499542236328  181.41603469848633  187.74700164794922  175.20403861999512  181.8239688873291  182.18994140625  174.38888549804688  184.71789360046387  175.45795440673828  175.13680458068848  173.95997047424316  181.88714981079102  175.12893676757812  181.01906776428223  177.4308681488037  179.21996116638184  178.3459186553955  179.7318458557129  179.44097518920898  
这是得分:
4.356953461618965  5.941208837241394  4.927514786049018  4.645267104827083  7.807405402833819  5.898229172757717  6.878365899914424  5.126376874993048  6.988489003676103  3.648770807976401  5.5059667124510785  9.24911098267037  8.040935936165484  3.405657076624108  5.922564394541422  5.561557010279864  5.706804701830819  4.891179647552656  12.500144937969626  8.811284701446258  
时间列表:
628.2148361206055  352.02980041503906  185.73808670043945  178.59506607055664  180.39798736572266  183.8700771331787  180.8609962463379  185.2729320526123  176.50699615478516  184.12280082702637  183.2258701324463  182.7528476715088  179.9790859222412  185.5759620666504  182.38186836242676  180.22608757019043  175.84705352783203  174.0870475769043  176.18703842163086  178.67588996887207  
时间平均值：
301.72741651535034
得分列表:
4.9009739050255  5.1508898320185486  5.664292729242572  5.122715550548637  8.655985908585375  5.442324389960679  6.756684335246859  4.950261620031127  7.492969282217564  3.4445840812489665  4.253768257301902  8.73774710760199  7.611760180315035  3.491267620736853  5.175757971388524  6.084524747001854  5.494535814875509  5.144601616329803  11.508538774236275  9.183395868035387  
得分平均值：
8.213378979597447--------------------------------
时间列表:
612.5869750976562  366.6508197784424  186.25187873840332  178.6949634552002  186.99908256530762  231.6269874572754  182.13796615600586  187.84093856811523  180.772066116333  179.53920364379883  180.22584915161133  179.38899993896484  220.88193893432617  180.44590950012207  174.20601844787598  173.8450527191162  179.9600124359131  189.98003005981445  181.40196800231934  182.71398544311523  
时间平均值：
306.80753231048584
得分列表:
4.851733487829596  4.495361837697422  5.428330942648592  4.868130825347563  8.756131220258178  7.281954602350428  6.574991740646829  5.61739570231897  6.468744621100727  3.293551232641453  5.513502492745172  8.412989546359888  7.68150550721706  3.4329113788393046  5.562591330022803  6.260458272071568  5.875998918371917  4.3709680064714  10.14442839264472  9.295598178799747  
得分平均值：
8.209363911819167